==================================================================================
  AO saturation sweep · K=5 M=1 · 80 paired states · seed 42
  D_k=0.05 lambda_D=1.5
==================================================================================
   rounds sweeps split         J    +/-    R_tot   QoS%       ms  dJ vs base
        1      0    11    1.7704 0.0128   1.7704  100.0     10.4     +0.0000
        1      1    11    1.8231 0.0094   1.8231  100.0     25.4     +0.0527
        1      2    11    1.8260 0.0094   1.8260  100.0     37.9     +0.0556
        1      3    11    1.8275 0.0093   1.8275  100.0     53.4     +0.0571
        2      0    11    1.7708 0.0128   1.7708  100.0     18.1     +0.0004
        2      1    11    1.8247 0.0093   1.8247  100.0     48.5     +0.0543  <- current default
        2      2    11    1.8258 0.0094   1.8258  100.0     72.6     +0.0554
        2      3    11    1.8260 0.0094   1.8260  100.0     80.1     +0.0556
        3      0    11    1.7708 0.0128   1.7708  100.0     23.6     +0.0004
        3      1    11    1.8250 0.0094   1.8250  100.0     66.4     +0.0546
        3      2    11    1.8258 0.0094   1.8258  100.0     91.6     +0.0554
        3      3    11    1.8260 0.0094   1.8260  100.0     98.8     +0.0556
        3      1    21    1.8251 0.0094   1.8251  100.0     79.9     +0.0547
        3      1    41    1.8251 0.0094   1.8251  100.0    104.8     +0.0547
==================================================================================
  Publish AO at the first setting where J stops rising beyond its
  standard error, and quote THAT setting's ms as AO's latency.
==================================================================================
