==================================================================================
  AO saturation sweep · K=10 M=2 · 80 paired states · seed 42
  D_k=0.05 lambda_D=1.5
==================================================================================
   rounds sweeps split         J    +/-    R_tot   QoS%       ms  dJ vs base
        1      0    11    1.5821 0.0092   1.5821   99.9     19.3     +0.0000
        1      1    11    1.6400 0.0058   1.6400  100.0     52.5     +0.0580
        1      2    11    1.6397 0.0060   1.6397  100.0     86.6     +0.0576
        1      3    11    1.6425 0.0058   1.6425  100.0    118.3     +0.0604
        2      0    11    1.5835 0.0091   1.5835   99.9     35.0     +0.0014
        2      1    11    1.6401 0.0059   1.6401  100.0    101.3     +0.0580  <- current default
        2      2    11    1.6430 0.0058   1.6430  100.0    161.7     +0.0609
        2      3    11    1.6434 0.0058   1.6434  100.0    191.0     +0.0613
        3      0    11    1.5835 0.0091   1.5835   99.9     51.5     +0.0014
        3      1    11    1.6429 0.0057   1.6429  100.0    149.9     +0.0608
        3      2    11    1.6433 0.0058   1.6433  100.0    215.6     +0.0612
        3      3    11    1.6434 0.0058   1.6434  100.0    238.3     +0.0613
        3      1    21    1.6435 0.0057   1.6435  100.0    166.2     +0.0614
        3      1    41    1.6436 0.0057   1.6436  100.0    194.4     +0.0615
==================================================================================
  Publish AO at the first setting where J stops rising beyond its
  standard error, and quote THAT setting's ms as AO's latency.
==================================================================================
