==================================================================================
  AO saturation sweep · K=15 M=3 · 80 paired states · seed 42
  D_k=0.05 lambda_D=1.5
==================================================================================
   rounds sweeps split         J    +/-    R_tot   QoS%       ms  dJ vs base
        1      0    11    1.4768 0.0163   1.4958   95.8     41.5     +0.0000
        1      1    11    1.5745 0.0042   1.5763   97.5     95.5     +0.0977
        1      2    11    1.5697 0.0088   1.5783   97.9    150.1     +0.0928
        1      3    11    1.5731 0.0084   1.5799   98.4    204.5     +0.0962
        2      0    11    1.4767 0.0163   1.4958   94.5     77.7     -0.0002
        2      1    11    1.5770 0.0041   1.5787   98.8    187.0     +0.1001  <- current default
        2      2    11    1.5730 0.0084   1.5798   98.4    290.0     +0.0962
        2      3    11    1.5791 0.0032   1.5801   98.7    337.1     +0.1023
        3      0    11    1.4767 0.0163   1.4958   94.5    114.6     -0.0002
        3      1    11    1.5780 0.0040   1.5797   98.5    278.1     +0.1012
        3      2    11    1.5799 0.0031   1.5799   98.9    382.5     +0.1030
        3      3    11    1.5791 0.0032   1.5801   98.7    443.8     +0.1023
        3      1    21    1.5728 0.0085   1.5797   98.7    300.4     +0.0959
        3      1    41    1.5780 0.0040   1.5797   98.8    335.6     +0.1011
==================================================================================
  Publish AO at the first setting where J stops rising beyond its
  standard error, and quote THAT setting's ms as AO's latency.
==================================================================================
